(kicad_pcb (version 20171130) (host pcbnew "(5.0.1)-3")

  (general
    (thickness 1.6)
    (drawings 8)
    (tracks 806)
    (zones 0)
    (modules 47)
    (nets 75)
  )

  (page A4)
  (layers
    (0 F.Cu signal)
    (1 In1.Cu signal)
    (2 In2.Cu signal)
    (31 B.Cu signal)
    (32 B.Adhes user hide)
    (33 F.Adhes user hide)
    (34 B.Paste user)
    (35 F.Paste user hide)
    (36 B.SilkS user)
    (37 F.SilkS user)
    (38 B.Mask user)
    (39 F.Mask user hide)
    (40 Dwgs.User user hide)
    (41 Cmts.User user)
    (42 Eco1.User user)
    (43 Eco2.User user)
    (44 Edge.Cuts user)
    (45 Margin user)
    (46 B.CrtYd user)
    (47 F.CrtYd user)
    (48 B.Fab user)
    (49 F.Fab user hide)
  )

  (setup
    (last_trace_width 0.1)
    (user_trace_width 0.1)
    (user_trace_width 0.12)
    (user_trace_width 0.15)
    (user_trace_width 0.2)
    (user_trace_width 0.5)
    (user_trace_width 0.75)
    (user_trace_width 1)
    (trace_clearance 0.1)
    (zone_clearance 0.508)
    (zone_45_only no)
    (trace_min 0.1)
    (segment_width 0.2)
    (edge_width 0.1)
    (via_size 0.8)
    (via_drill 0.4)
    (via_min_size 0.45)
    (via_min_drill 0.2)
    (user_via 0.45 0.3)
    (uvia_size 0.3)
    (uvia_drill 0.1)
    (uvias_allowed no)
    (uvia_min_size 0.2)
    (uvia_min_drill 0.1)
    (pcb_text_width 0.3)
    (pcb_text_size 1.5 1.5)
    (mod_edge_width 0.15)
    (mod_text_size 1 1)
    (mod_text_width 0.15)
    (pad_size 1.7 1.7)
    (pad_drill 1)
    (pad_to_mask_clearance 0)
    (solder_mask_min_width 0.01)
    (aux_axis_origin 0 0)
    (visible_elements 7FFFFFFF)
    (pcbplotparams
      (layerselection 0x010fc_ffffffff)
      (usegerberextensions false)
      (usegerberattributes false)
      (usegerberadvancedattributes false)
      (creategerberjobfile false)
      (excludeedgelayer true)
      (linewidth 0.100000)
      (plotframeref false)
      (viasonmask false)
      (mode 1)
      (useauxorigin false)
      (hpglpennumber 1)
      (hpglpenspeed 20)
      (hpglpendiameter 15.000000)
      (psnegative false)
      (psa4output false)
      (plotreference true)
      (plotvalue true)
      (plotinvisibletext false)
      (padsonsilk false)
      (subtractmaskfromsilk false)
      (outputformat 1)
      (mirror false)
      (drillshape 0)
      (scaleselection 1)
      (outputdirectory "Gerber/"))
  )

  (net 0 "")
  (net 1 "Net-(SW5-Pad1)")
  (net 2 GND)
  (net 3 "Net-(R19-Pad2)")
  (net 4 "Net-(C7-Pad1)")
  (net 5 "Net-(C6-Pad1)")
  (net 6 "Net-(R8-Pad2)")
  (net 7 "Net-(SW4-Pad1)")
  (net 8 +3V3)
  (net 9 "/ESP32 Pico D4/LNA_IN")
  (net 10 "/ESP32 Pico D4/IO36")
  (net 11 "/ESP32 Pico D4/IO39")
  (net 12 "Net-(C9-Pad1)")
  (net 13 "/ESP32 Pico D4/IO34")
  (net 14 "/ESP32 Pico D4/IO32")
  (net 15 X_SIG)
  (net 16 Y_SIG)
  (net 17 Z_SIG)
  (net 18 /TOUCH_CS)
  (net 19 "Net-(R22-Pad2)")
  (net 20 /LCD_PEN)
  (net 21 "/ESP32 Pico D4/IO15")
  (net 22 "/ESP32 Pico D4/IO2")
  (net 23 "/ESP32 Pico D4/IO0")
  (net 24 "/ESP32 Pico D4/IO4")
  (net 25 "/ESP32 Pico D4/FLASH_CS")
  (net 26 "Net-(U12-Pad26)")
  (net 27 "/ESP32 Pico D4/FLASH_SD0")
  (net 28 "/ESP32 Pico D4/IO9")
  (net 29 "/ESP32 Pico D4/FLASH_SD2")
  (net 30 "/ESP32 Pico D4/FLASH_CLK")
  (net 31 "/ESP32 Pico D4/FLASH_SD3")
  (net 32 "/ESP32 Pico D4/FLASH_SD1")
  (net 33 /LCD_CS)
  (net 34 /LCD_SCK)
  (net 35 /LCD_LED_CTRL)
  (net 36 /LCD_RST)
  (net 37 "/ESP32 Pico D4/RXD0")
  (net 38 "/ESP32 Pico D4/TXD0")
  (net 39 /LCD_A0)
  (net 40 "Net-(U7-Pad2)")
  (net 41 "Net-(J3-Pad3)")
  (net 42 "Net-(J3-Pad4)")
  (net 43 "Net-(C12-Pad1)")
  (net 44 "Net-(D4-Pad1)")
  (net 45 "Net-(D3-Pad1)")
  (net 46 "Net-(J1-Pad4)")
  (net 47 "Net-(D1-Pad1)")
  (net 48 "Net-(J1-PadSH1)")
  (net 49 "/ESP32 Pico D4/DTR")
  (net 50 "Net-(Q2-Pad1)")
  (net 51 "/ESP32 Pico D4/TXD")
  (net 52 "/ESP32 Pico D4/RXD")
  (net 53 "Net-(R4-Pad1)")
  (net 54 "/ESP32 Pico D4/RTS")
  (net 55 "/ESP32 Pico D4/USB_DN")
  (net 56 "/ESP32 Pico D4/USB_DP")
  (net 57 "Net-(Q4-Pad1)")
  (net 58 "/ESP32 Pico D4/EN")
  (net 59 "/ESP32 Pico D4/CTS")
  (net 60 VUSB)
  (net 61 BAT+)
  (net 62 UV_LO)
  (net 63 /LCD_LED)
  (net 64 "Net-(U3-Pad7)")
  (net 65 "Net-(U3-Pad11)")
  (net 66 "Net-(U3-Pad14)")
  (net 67 "Net-(U3-Pad16)")
  (net 68 "Net-(C1-Pad1)")
  (net 69 "Net-(U2-Pad2)")
  (net 70 "/ESP32 Pico D4/IO13")
  (net 71 "/ESP32 Pico D4/IO26")
  (net 72 "/ESP32 Pico D4/IO27")
  (net 73 /MOSI)
  (net 74 /MISO)

  (net_class Default "This is the default net class."
    (clearance 0.1)
    (trace_width 0.25)
    (via_dia 0.8)
    (via_drill 0.4)
    (uvia_dia 0.3)
    (uvia_drill 0.1)
    (add_net +3V3)
    (add_net "/ESP32 Pico D4/CTS")
    (add_net "/ESP32 Pico D4/DTR")
    (add_net "/ESP32 Pico D4/EN")
    (add_net "/ESP32 Pico D4/FLASH_CLK")
    (add_net "/ESP32 Pico D4/FLASH_CS")
    (add_net "/ESP32 Pico D4/FLASH_SD0")
    (add_net "/ESP32 Pico D4/FLASH_SD1")
    (add_net "/ESP32 Pico D4/FLASH_SD2")
    (add_net "/ESP32 Pico D4/FLASH_SD3")
    (add_net "/ESP32 Pico D4/IO0")
    (add_net "/ESP32 Pico D4/IO13")
    (add_net "/ESP32 Pico D4/IO15")
    (add_net "/ESP32 Pico D4/IO2")
    (add_net "/ESP32 Pico D4/IO26")
    (add_net "/ESP32 Pico D4/IO27")
    (add_net "/ESP32 Pico D4/IO32")
    (add_net "/ESP32 Pico D4/IO34")
    (add_net "/ESP32 Pico D4/IO36")
    (add_net "/ESP32 Pico D4/IO39")
    (add_net "/ESP32 Pico D4/IO4")
    (add_net "/ESP32 Pico D4/IO9")
    (add_net "/ESP32 Pico D4/LNA_IN")
    (add_net "/ESP32 Pico D4/RTS")
    (add_net "/ESP32 Pico D4/RXD")
    (add_net "/ESP32 Pico D4/RXD0")
    (add_net "/ESP32 Pico D4/TXD")
    (add_net "/ESP32 Pico D4/TXD0")
    (add_net "/ESP32 Pico D4/USB_DN")
    (add_net "/ESP32 Pico D4/USB_DP")
    (add_net /LCD_A0)
    (add_net /LCD_CS)
    (add_net /LCD_LED)
    (add_net /LCD_LED_CTRL)
    (add_net /LCD_PEN)
    (add_net /LCD_RST)
    (add_net /LCD_SCK)
    (add_net /MISO)
    (add_net /MOSI)
    (add_net /TOUCH_CS)
    (add_net BAT+)
    (add_net GND)
    (add_net "Net-(C1-Pad1)")
    (add_net "Net-(C12-Pad1)")
    (add_net "Net-(C6-Pad1)")
    (add_net "Net-(C7-Pad1)")
    (add_net "Net-(C9-Pad1)")
    (add_net "Net-(D1-Pad1)")
    (add_net "Net-(D3-Pad1)")
    (add_net "Net-(D4-Pad1)")
    (add_net "Net-(J1-Pad4)")
    (add_net "Net-(J1-PadSH1)")
    (add_net "Net-(J3-Pad3)")
    (add_net "Net-(J3-Pad4)")
    (add_net "Net-(Q2-Pad1)")
    (add_net "Net-(Q4-Pad1)")
    (add_net "Net-(R19-Pad2)")
    (add_net "Net-(R22-Pad2)")
    (add_net "Net-(R4-Pad1)")
    (add_net "Net-(R8-Pad2)")
    (add_net "Net-(SW4-Pad1)")
    (add_net "Net-(SW5-Pad1)")
    (add_net "Net-(U12-Pad26)")
    (add_net "Net-(U2-Pad2)")
    (add_net "Net-(U3-Pad11)")
    (add_net "Net-(U3-Pad14)")
    (add_net "Net-(U3-Pad16)")
    (add_net "Net-(U3-Pad7)")
    (add_net "Net-(U7-Pad2)")
    (add_net UV_LO)
    (add_net VUSB)
    (add_net X_SIG)
    (add_net Y_SIG)
    (add_net Z_SIG)
  )

  (module Capacitor_SMD:C_0603_1608Metric (layer F.Cu) (tedit 5B301BBE) (tstamp 5DEBD904)
    (at 155.1178 95.631 180)
    (descr "Capacitor SMD 0603 (1608 Metric), square (rectangular) end terminal, IPC_7351 nominal, (Body size source: http://www.tortai-tech.com/upload/download/2011102023233369053.pdf), generated with kicad-footprint-generator")
    (tags capacitor)
    (path /5DED06F3)
    (attr smd)
    (fp_text reference C5 (at 85.2678 -59.309 180) (layer F.SilkS)
      (effects (font (size 1 1) (thickness 0.15)))
    )
    (fp_text value 0.1u (at 0 1.43 180) (layer F.Fab)
      (effects (font (size 1 1) (thickness 0.15)))
    )
    (fp_line (start -0.8 0.4) (end -0.8 -0.4) (layer F.Fab) (width 0.1))
    (fp_line (start -0.8 -0.4) (end 0.8 -0.4) (layer F.Fab) (width 0.1))
    (fp_line (start 0.8 -0.4) (end 0.8 0.4) (layer F.Fab) (width 0.1))
    (fp_line (start 0.8 0.4) (end -0.8 0.4) (layer F.Fab) (width 0.1))
    (fp_line (start -0.162779 -0.51) (end 0.162779 -0.51) (layer F.SilkS) (width 0.12))
    (fp_line (start -0.162779 0.51) (end 0.162779 0.51) (layer F.SilkS) (width 0.12))
    (fp_line (start -1.48 0.73) (end -1.48 -0.73) (layer F.CrtYd) (width 0.05))
    (fp_line (start -1.48 -0.73) (end 1.48 -0.73) (layer F.CrtYd) (width 0.05))
    (fp_line (start 1.48 -0.73) (end 1.48 0.73) (layer F.CrtYd) (width 0.05))
    (fp_line (start 1.48 0.73) (end -1.48 0.73) (layer F.CrtYd) (width 0.05))
    (fp_text user %R (at 0 0 180) (layer F.Fab)
      (effects (font (size 0.4 0.4) (thickness 0.06)))
    )
    (pad 1 smd roundrect (at -0.7875 0 180) (size 0.875 0.95) (layers F.Cu F.Paste F.Mask) (roundrect_rratio 0.25)
      (net 14 "/ESP32 Pico D4/IO32"))
    (pad 2 smd roundrect (at 0.7875 0 180) (size 0.875 0.95) (layers F.Cu F.Paste F.Mask) (roundrect_rratio 0.25)
      (net 2 GND))
    (model ${KISYS3DMOD}/Capacitor_SMD.3dshapes/C_0603_1608Metric.wrl
      (at (xyz 0 0 0))
      (scale (xyz 1 1 1))
      (rotate (xyz 0 0 0))
    )
  )

  (module Resistor_SMD:R_0603_1608Metric (layer F.Cu) (tedit 5B301BBD) (tstamp 5DEBBC69)
    (at 155.1178 97.1804)
    (descr "Resistor SMD 0603 (1608 Metric), square (rectangular) end terminal, IPC_7351 nominal, (Body size source: http://www.tortai-tech.com/upload/download/2011102023233369053.pdf), generated with kicad-footprint-generator")
    (tags resistor)
    (path /5DEC69DF)
    (attr smd)
    (fp_text reference R11 (at -92.8878 67.9196) (layer F.SilkS)
      (effects (font (size 1 1) (thickness 0.15)))
    )
    (fp_text value 10k (at 0 1.43) (layer F.Fab)
      (effects (font (size 1 1) (thickness 0.15)))
    )
    (fp_text user %R (at 0 0) (layer F.Fab)
      (effects (font (size 0.4 0.4) (thickness 0.06)))
    )
    (fp_line (start 1.48 0.73) (end -1.48 0.73) (layer F.CrtYd) (width 0.05))
    (fp_line (start 1.48 -0.73) (end 1.48 0.73) (layer F.CrtYd) (width 0.05))
    (fp_line (start -1.48 -0.73) (end 1.48 -0.73) (layer F.CrtYd) (width 0.05))
    (fp_line (start -1.48 0.73) (end -1.48 -0.73) (layer F.CrtYd) (width 0.05))
    (fp_line (start -0.162779 0.51) (end 0.162779 0.51) (layer F.SilkS) (width 0.12))
    (fp_line (start -0.162779 -0.51) (end 0.162779 -0.51) (layer F.SilkS) (width 0.12))
    (fp_line (start 0.8 0.4) (end -0.8 0.4) (layer F.Fab) (width 0.1))
    (fp_line (start 0.8 -0.4) (end 0.8 0.4) (layer F.Fab) (width 0.1))
    (fp_line (start -0.8 -0.4) (end 0.8 -0.4) (layer F.Fab) (width 0.1))
    (fp_line (start -0.8 0.4) (end -0.8 -0.4) (layer F.Fab) (width 0.1))
    (pad 2 smd roundrect (at 0.7875 0) (size 0.875 0.95) (layers F.Cu F.Paste F.Mask) (roundrect_rratio 0.25)
      (net 14 "/ESP32 Pico D4/IO32"))
    (pad 1 smd roundrect (at -0.7875 0) (size 0.875 0.95) (layers F.Cu F.Paste F.Mask) (roundrect_rratio 0.25)
      (net 2 GND))
    (model ${KISYS3DMOD}/Resistor_SMD.3dshapes/R_0603_1608Metric.wrl
      (at (xyz 0 0 0))
      (scale (xyz 1 1 1))
      (rotate (xyz 0 0 0))
    )
  )

  (module Resistor_SMD:R_0603_1608Metric (layer F.Cu) (tedit 5B301BBD) (tstamp 5DEBBBF8)
    (at 155.1178 98.7298 180)
    (descr "Resistor SMD 0603 (1608 Metric), square (rectangular) end terminal, IPC_7351 nominal, (Body size source: http://www.tortai-tech.com/upload/download/2011102023233369053.pdf), generated with kicad-footprint-generator")
    (tags resistor)
    (path /5DEC36F6)
    (attr smd)
    (fp_text reference R6 (at 86.5378 -62.5602 180) (layer F.SilkS)
      (effects (font (size 1 1) (thickness 0.15)))
    )
    (fp_text value 10k (at 0 1.43 180) (layer F.Fab)
      (effects (font (size 1 1) (thickness 0.15)))
    )
    (fp_line (start -0.8 0.4) (end -0.8 -0.4) (layer F.Fab) (width 0.1))
    (fp_line (start -0.8 -0.4) (end 0.8 -0.4) (layer F.Fab) (width 0.1))
    (fp_line (start 0.8 -0.4) (end 0.8 0.4) (layer F.Fab) (width 0.1))
    (fp_line (start 0.8 0.4) (end -0.8 0.4) (layer F.Fab) (width 0.1))
    (fp_line (start -0.162779 -0.51) (end 0.162779 -0.51) (layer F.SilkS) (width 0.12))
    (fp_line (start -0.162779 0.51) (end 0.162779 0.51) (layer F.SilkS) (width 0.12))
    (fp_line (start -1.48 0.73) (end -1.48 -0.73) (layer F.CrtYd) (width 0.05))
    (fp_line (start -1.48 -0.73) (end 1.48 -0.73) (layer F.CrtYd) (width 0.05))
    (fp_line (start 1.48 -0.73) (end 1.48 0.73) (layer F.CrtYd) (width 0.05))
    (fp_line (start 1.48 0.73) (end -1.48 0.73) (layer F.CrtYd) (width 0.05))
    (fp_text user %R (at 0 0 180) (layer F.Fab)
      (effects (font (size 0.4 0.4) (thickness 0.06)))
    )
    (pad 1 smd roundrect (at -0.7875 0 180) (size 0.875 0.95) (layers F.Cu F.Paste F.Mask) (roundrect_rratio 0.25)
      (net 14 "/ESP32 Pico D4/IO32"))
    (pad 2 smd roundrect (at 0.7875 0 180) (size 0.875 0.95) (layers F.Cu F.Paste F.Mask) (roundrect_rratio 0.25)
      (net 61 BAT+))
    (model ${KISYS3DMOD}/Resistor_SMD.3dshapes/R_0603_1608Metric.wrl
      (at (xyz 0 0 0))
      (scale (xyz 1 1 1))
      (rotate (xyz 0 0 0))
    )
  )

  (module SmartWatch:PQFN50P700X700X104-49N (layer F.Cu) (tedit 0) (tstamp 5DE06BCF)
    (at 143.32966 92.96654 270)
    (path /5DBE11BE/5D9A0DC8)
    (attr smd)
    (fp_text reference U12 (at 64.51346 78.55966 270) (layer F.SilkS)
      (effects (font (size 1 1) (thickness 0.05)))
    )
    (fp_text value ESP32-PICO-D4 (at 61.97346 74.74966 270) (layer F.SilkS)
      (effects (font (size 1 1) (thickness 0.05)))
    )
    (fp_line (start -3.55 3.55) (end -3.55 -3.55) (layer Eco2.User) (width 0.127))
    (fp_line (start -3.55 -3.55) (end 3.55 -3.55) (layer Eco2.User) (width 0.127))
    (fp_line (start 3.55 -3.55) (end 3.55 3.55) (layer Eco2.User) (width 0.127))
    (fp_line (start 3.55 3.55) (end -3.55 3.55) (layer Eco2.User) (width 0.127))
    (fp_line (start -3.55 -3.11) (end -3.55 -3.55) (layer F.SilkS) (width 0.127))
    (fp_line (start -3.55 -3.55) (end -3.11 -3.55) (layer F.SilkS) (width 0.127))
    (fp_line (start -3.55 3.11) (end -3.55 3.55) (layer F.SilkS) (width 0.127))
    (fp_line (start -3.55 3.55) (end -3.11 3.55) (layer F.SilkS) (width 0.127))
    (fp_line (start 3.55 3.11) (end 3.55 3.55) (layer F.SilkS) (width 0.127))
    (fp_line (start 3.55 3.55) (end 3.11 3.55) (layer F.SilkS) (width 0.127))
    (fp_line (start 3.55 -3.11) (end 3.55 -3.55) (layer F.SilkS) (width 0.127))
    (fp_line (start 3.55 -3.55) (end 3.11 -3.55) (layer F.SilkS) (width 0.127))
    (fp_line (start -3.75 3.75) (end 3.75 3.75) (layer Eco1.User) (width 0.05))
    (fp_line (start 3.75 3.75) (end 3.75 -3.75) (layer Eco1.User) (width 0.05))
    (fp_line (start 3.75 -3.75) (end -3.75 -3.75) (layer Eco1.User) (width 0.05))
    (fp_line (start -3.75 -3.75) (end -3.75 3.75) (layer Eco1.User) (width 0.05))
    (fp_circle (center -4.2 -2.8) (end -4.1 -2.8) (layer F.SilkS) (width 0.2))
    (fp_circle (center -4.2 -2.8) (end -4.1 -2.8) (layer Eco2.User) (width 0.2))
    (fp_poly (pts (xy 0.395 -2.305) (xy 2.305 -2.305) (xy 2.305 -0.395) (xy 0.395 -0.395)) (layer F.Paste) (width 0))
    (fp_poly (pts (xy -2.305 -2.305) (xy -0.395 -2.305) (xy -0.395 -0.395) (xy -2.305 -0.395)) (layer F.Paste) (width 0))
    (fp_poly (pts (xy -2.305 0.395) (xy -0.395 0.395) (xy -0.395 2.305) (xy -2.305 2.305)) (layer F.Paste) (width 0))
    (fp_poly (pts (xy 0.395 0.395) (xy 2.305 0.395) (xy 2.305 2.305) (xy 0.395 2.305)) (layer F.Paste) (width 0))
    (pad 1 smd rect (at -3.265 -2.75 90) (size 0.45 0.35) (layers F.Cu F.Paste F.Mask)
      (net 8 +3V3))
    (pad 2 smd rect (at -3.265 -2.25 90) (size 0.45 0.35) (layers F.Cu F.Paste F.Mask)
      (net 9 "/ESP32 Pico D4/LNA_IN"))
    (pad 3 smd rect (at -3.265 -1.75 90) (size 0.45 0.35) (layers F.Cu F.Paste F.Mask)
      (net 8 +3V3))
    (pad 4 smd rect (at -3.265 -1.25 90) (size 0.45 0.35) (layers F.Cu F.Paste F.Mask)
      (net 8 +3V3))
    (pad 5 smd rect (at -3.265 -0.75 90) (size 0.45 0.35) (layers F.Cu F.Paste F.Mask)
      (net 10 "/ESP32 Pico D4/IO36"))
    (pad 6 smd rect (at -3.265 -0.25 90) (size 0.45 0.35) (layers F.Cu F.Paste F.Mask)
      (net 10 "/ESP32 Pico D4/IO36"))
    (pad 7 smd rect (at -3.265 0.25 90) (size 0.45 0.35) (layers F.Cu F.Paste F.Mask)
      (net 17 Z_SIG))
    (pad 8 smd rect (at -3.265 0.75 90) (size 0.45 0.35) (layers F.Cu F.Paste F.Mask)
      (net 11 "/ESP32 Pico D4/IO39"))
    (pad 9 smd rect (at -3.265 1.25 90) (size 0.45 0.35) (layers F.Cu F.Paste F.Mask)
      (net 12 "Net-(C9-Pad1)"))
    (pad 10 smd rect (at -3.265 1.75 90) (size 0.45 0.35) (layers F.Cu F.Paste F.Mask)
      (net 13 "/ESP32 Pico D4/IO34"))
    (pad 11 smd rect (at -3.265 2.25 90) (size 0.45 0.35) (layers F.Cu F.Paste F.Mask)
      (net 16 Y_SIG))
    (pad 12 smd rect (at -3.265 2.75 90) (size 0.45 0.35) (layers F.Cu F.Paste F.Mask)
      (net 14 "/ESP32 Pico D4/IO32"))
    (pad 13 smd rect (at -2.75 3.265 180) (size 0.45 0.35) (layers F.Cu F.Paste F.Mask)
      (net 15 X_SIG))
    (pad 14 smd rect (at -2.25 3.265 180) (size 0.45 0.35) (layers F.Cu F.Paste F.Mask)
      (net 35 /LCD_LED_CTRL))
    (pad 15 smd rect (at -1.75 3.265 180) (size 0.45 0.35) (layers F.Cu F.Paste F.Mask)
      (net 71 "/ESP32 Pico D4/IO26"))
    (pad 16 smd rect (at -1.25 3.265 180) (size 0.45 0.35) (layers F.Cu F.Paste F.Mask)
      (net 72 "/ESP32 Pico D4/IO27"))
    (pad 17 smd rect (at -0.75 3.265 180) (size 0.45 0.35) (layers F.Cu F.Paste F.Mask)
      (net 18 /TOUCH_CS))
    (pad 18 smd rect (at -0.25 3.265 180) (size 0.45 0.35) (layers F.Cu F.Paste F.Mask)
      (net 19 "Net-(R22-Pad2)"))
    (pad 19 smd rect (at 0.25 3.265 180) (size 0.45 0.35) (layers F.Cu F.Paste F.Mask)
      (net 8 +3V3))
    (pad 20 smd rect (at 0.75 3.265 180) (size 0.45 0.35) (layers F.Cu F.Paste F.Mask)
      (net 70 "/ESP32 Pico D4/IO13"))
    (pad 21 smd rect (at 1.25 3.265 180) (size 0.45 0.35) (layers F.Cu F.Paste F.Mask)
      (net 21 "/ESP32 Pico D4/IO15"))
    (pad 22 smd rect (at 1.75 3.265 180) (size 0.45 0.35) (layers F.Cu F.Paste F.Mask)
      (net 22 "/ESP32 Pico D4/IO2"))
    (pad 23 smd rect (at 2.25 3.265 180) (size 0.45 0.35) (layers F.Cu F.Paste F.Mask)
      (net 23 "/ESP32 Pico D4/IO0"))
    (pad 24 smd rect (at 2.75 3.265 180) (size 0.45 0.35) (layers F.Cu F.Paste F.Mask)
      (net 24 "/ESP32 Pico D4/IO4"))
    (pad 25 smd rect (at 3.265 2.75 270) (size 0.45 0.35) (layers F.Cu F.Paste F.Mask)
      (net 25 "/ESP32 Pico D4/FLASH_CS"))
    (pad 26 smd rect (at 3.265 2.25 270) (size 0.45 0.35) (layers F.Cu F.Paste F.Mask)
      (net 26 "Net-(U12-Pad26)"))
    (pad 27 smd rect (at 3.265 1.75 270) (size 0.45 0.35) (layers F.Cu F.Paste F.Mask)
      (net 27 "/ESP32 Pico D4/FLASH_SD0"))
    (pad 28 smd rect (at 3.265 1.25 270) (size 0.45 0.35) (layers F.Cu F.Paste F.Mask)
      (net 28 "/ESP32 Pico D4/IO9"))
    (pad 29 smd rect (at 3.265 0.75 270) (size 0.45 0.35) (layers F.Cu F.Paste F.Mask)
      (net 20 /LCD_PEN))
    (pad 30 smd rect (at 3.265 0.25 270) (size 0.45 0.35) (layers F.Cu F.Paste F.Mask)
      (net 29 "/ESP32 Pico D4/FLASH_SD2"))
    (pad 31 smd rect (at 3.265 -0.25 270) (size 0.45 0.35) (layers F.Cu F.Paste F.Mask)
      (net 30 "/ESP32 Pico D4/FLASH_CLK"))
    (pad 32 smd rect (at 3.265 -0.75 270) (size 0.45 0.35) (layers F.Cu F.Paste F.Mask)
      (net 31 "/ESP32 Pico D4/FLASH_SD3"))
    (pad 33 smd rect (at 3.265 -1.25 270) (size 0.45 0.35) (layers F.Cu F.Paste F.Mask)
      (net 32 "/ESP32 Pico D4/FLASH_SD1"))
    (pad 34 smd rect (at 3.265 -1.75 270) (size 0.45 0.35) (layers F.Cu F.Paste F.Mask)
      (net 33 /LCD_CS))
    (pad 35 smd rect (at 3.265 -2.25 270) (size 0.45 0.35) (layers F.Cu F.Paste F.Mask)
      (net 34 /LCD_SCK))
    (pad 36 smd rect (at 3.265 -2.75 270) (size 0.45 0.35) (layers F.Cu F.Paste F.Mask)
      (net 73 /MOSI))
    (pad 37 smd rect (at 2.75 -3.265) (size 0.45 0.35) (layers F.Cu F.Paste F.Mask)
      (net 8 +3V3))
    (pad 38 smd rect (at 2.25 -3.265) (size 0.45 0.35) (layers F.Cu F.Paste F.Mask)
      (net 74 /MISO))
    (pad 39 smd rect (at 1.75 -3.265) (size 0.45 0.35) (layers F.Cu F.Paste F.Mask)
      (net 36 /LCD_RST))
    (pad 40 smd rect (at 1.25 -3.265) (size 0.45 0.35) (layers F.Cu F.Paste F.Mask)
      (net 37 "/ESP32 Pico D4/RXD0"))
    (pad 41 smd rect (at 0.75 -3.265) (size 0.45 0.35) (layers F.Cu F.Paste F.Mask)
      (net 38 "/ESP32 Pico D4/TXD0"))
    (pad 42 smd rect (at 0.25 -3.265) (size 0.45 0.35) (layers F.Cu F.Paste F.Mask)
      (net 39 /LCD_A0))
    (pad 43 smd rect (at -0.25 -3.265) (size 0.45 0.35) (layers F.Cu F.Paste F.Mask)
      (net 8 +3V3))
    (pad 44 smd rect (at -0.75 -3.265) (size 0.45 0.35) (layers F.Cu F.Paste F.Mask))
    (pad 45 smd rect (at -1.25 -3.265) (size 0.45 0.35) (layers F.Cu F.Paste F.Mask))
    (pad 46 smd rect (at -1.75 -3.265) (size 0.45 0.35) (layers F.Cu F.Paste F.Mask)
      (net 8 +3V3))
    (pad 47 smd rect (at -2.25 -3.265) (size 0.45 0.35) (layers F.Cu F.Paste F.Mask))
    (pad 48 smd rect (at -2.75 -3.265) (size 0.45 0.35) (layers F.Cu F.Paste F.Mask))
    (pad 49 smd rect (at 0 0 270) (size 5.4 5.4) (layers F.Cu F.Paste F.Mask)
      (net 2 GND))
  )

  (module SmartWatch:BATTERY (layer F.Cu) (tedit 5DE053D5) (tstamp 5DE0DEB5)
    (at 154.63266 118.78818 270)
    (path /5DB891A9)
    (fp_text reference J2 (at 37.42182 84.78266 270) (layer F.SilkS)
      (effects (font (size 1 1) (thickness 0.15)))
    )
    (fp_text value Bat_in (at -3.81 -6.35 270) (layer F.Fab)
      (effects (font (size 1 1) (thickness 0.15)))
    )
    (fp_text user - (at -1.27 2.54 270) (layer F.SilkS)
      (effects (font (size 1 1) (thickness 0.15)))
    )
    (fp_text user + (at 1.27 2.54 270) (layer F.SilkS)
      (effects (font (size 1 1) (thickness 0.15)))
    )
    (fp_line (start -2.54 -2.54) (end 2.54 -2.54) (layer F.SilkS) (width 0.15))
    (fp_line (start 2.54 -2.54) (end 2.54 3.81) (layer F.SilkS) (width 0.15))
    (fp_line (start 2.54 3.81) (end -2.54 3.81) (layer F.SilkS) (width 0.15))
    (fp_line (start -2.54 3.81) (end -2.54 -2.54) (layer F.SilkS) (width 0.15))
    (pad 1 smd roundrect (at -1.27 0 270) (size 2 2.54) (layers F.Cu F.Paste F.Mask) (roundrect_rratio 0.25)
      (net 2 GND))
    (pad 2 smd roundrect (at 1.27 0 270) (size 2 2.54) (layers F.Cu F.Paste B.SilkS F.Mask) (roundrect_rratio 0.25)
      (net 61 BAT+))
  )

  (module Capacitor_SMD:C_0603_1608Metric (layer F.Cu) (tedit 5B301BBE) (tstamp 5DE06F33)
    (at 155.13558 100.2665)
    (descr "Capacitor SMD 0603 (1608 Metric), square (rectangular) end terminal, IPC_7351 nominal, (Body size source: http://www.tortai-tech.com/upload/download/2011102023233369053.pdf), generated with kicad-footprint-generator")
    (tags capacitor)
    (path /5DBF612E)
    (attr smd)
    (fp_text reference C1 (at -89.09558 59.7535) (layer F.SilkS)
      (effects (font (size 1 1) (thickness 0.15)))
    )
    (fp_text value 10nF (at 0 1.43) (layer F.Fab)
      (effects (font (size 1 1) (thickness 0.15)))
    )
    (fp_line (start -0.8 0.4) (end -0.8 -0.4) (layer F.Fab) (width 0.1))
    (fp_line (start -0.8 -0.4) (end 0.8 -0.4) (layer F.Fab) (width 0.1))
    (fp_line (start 0.8 -0.4) (end 0.8 0.4) (layer F.Fab) (width 0.1))
    (fp_line (start 0.8 0.4) (end -0.8 0.4) (layer F.Fab) (width 0.1))
    (fp_line (start -0.162779 -0.51) (end 0.162779 -0.51) (layer F.SilkS) (width 0.12))
    (fp_line (start -0.162779 0.51) (end 0.162779 0.51) (layer F.SilkS) (width 0.12))
    (fp_line (start -1.48 0.73) (end -1.48 -0.73) (layer F.CrtYd) (width 0.05))
    (fp_line (start -1.48 -0.73) (end 1.48 -0.73) (layer F.CrtYd) (width 0.05))
    (fp_line (start 1.48 -0.73) (end 1.48 0.73) (layer F.CrtYd) (width 0.05))
    (fp_line (start 1.48 0.73) (end -1.48 0.73) (layer F.CrtYd) (width 0.05))
    (fp_text user %R (at 0 0) (layer F.Fab)
      (effects (font (size 0.4 0.4) (thickness 0.06)))
    )
    (pad 1 smd roundrect (at -0.7875 0) (size 0.875 0.95) (layers F.Cu F.Paste F.Mask) (roundrect_rratio 0.25)
      (net 68 "Net-(C1-Pad1)"))
    (pad 2 smd roundrect (at 0.7875 0) (size 0.875 0.95) (layers F.Cu F.Paste F.Mask) (roundrect_rratio 0.25)
      (net 2 GND))
    (model ${KISYS3DMOD}/Capacitor_SMD.3dshapes/C_0603_1608Metric.wrl
      (at (xyz 0 0 0))
      (scale (xyz 1 1 1))
      (rotate (xyz 0 0 0))
    )
  )

  (module Capacitor_SMD:C_0603_1608Metric (layer F.Cu) (tedit 5DE06299) (tstamp 5DE06F22)
    (at 132.20192 88.92032 270)
    (descr "Capacitor SMD 0603 (1608 Metric), square (rectangular) end terminal, IPC_7351 nominal, (Body size source: http://www.tortai-tech.com/upload/download/2011102023233369053.pdf), generated with kicad-footprint-generator")
    (tags capacitor)
    (path /5DBE11BE/605DBE3A)
    (attr smd)
    (fp_text reference C13 (at 71.09968 71.24192 270) (layer F.SilkS)
      (effects (font (size 1 1) (thickness 0.15)))
    )
    (fp_text value 4.7pF (at 0 1.43 270) (layer F.Fab)
      (effects (font (size 1 1) (thickness 0.15)))
    )
    (fp_text user %R (at 0 0 270) (layer F.Fab)
      (effects (font (size 0.4 0.4) (thickness 0.06)))
    )
    (fp_line (start 1.48 0.73) (end -1.48 0.73) (layer F.CrtYd) (width 0.05))
    (fp_line (start 1.48 -0.73) (end 1.48 0.73) (layer F.CrtYd) (width 0.05))
    (fp_line (start -1.48 -0.73) (end 1.48 -0.73) (layer F.CrtYd) (width 0.05))
    (fp_line (start -1.48 0.73) (end -1.48 -0.73) (layer F.CrtYd) (width 0.05))
    (fp_line (start -0.162779 0.51) (end 0.162779 0.51) (layer F.SilkS) (width 0.12))
    (fp_line (start -0.162779 -0.51) (end 0.162779 -0.51) (layer F.SilkS) (width 0.12))
    (fp_line (start 0.8 0.4) (end -0.8 0.4) (layer F.Fab) (width 0.1))
    (fp_line (start 0.8 -0.4) (end 0.8 0.4) (layer F.Fab) (width 0.1))
    (fp_line (start -0.8 -0.4) (end 0.8 -0.4) (layer F.Fab) (width 0.1))
    (fp_line (start -0.8 0.4) (end -0.8 -0.4) (layer F.Fab) (width 0.1))
    (pad 2 smd roundrect (at 0.7875 0 270) (size 0.875 0.95) (layers F.Cu F.Paste F.Mask) (roundrect_rratio 0.25)
      (net 43 "Net-(C12-Pad1)"))
    (pad 1 smd roundrect (at -0.7875 0 270) (size 0.875 0.95) (layers F.Cu F.Paste F.Mask) (roundrect_rratio 0.25)
      (net 9 "/ESP32 Pico D4/LNA_IN"))
    (model ${KISYS3DMOD}/Capacitor_SMD.3dshapes/C_0603_1608Metric.wrl
      (at (xyz 0 0 0))
      (scale (xyz 1 1 1))
      (rotate (xyz 0 0 0))
    )
  )

  (module Capacitor_SMD:C_0603_1608Metric (layer F.Cu) (tedit 5B301BBE) (tstamp 5DE06F11)
    (at 131.42468 91.06916 180)
    (descr "Capacitor SMD 0603 (1608 Metric), square (rectangular) end terminal, IPC_7351 nominal, (Body size source: http://www.tortai-tech.com/upload/download/2011102023233369053.pdf), generated with kicad-footprint-generator")
    (tags capacitor)
    (path /5DBE11BE/605DBA3C)
    (attr smd)
    (fp_text reference C12 (at 64.11468 -65.14084 180) (layer F.SilkS)
      (effects (font (size 1 1) (thickness 0.15)))
    )
    (fp_text value 2.7pF (at 0 1.43 180) (layer F.Fab)
      (effects (font (size 1 1) (thickness 0.15)))
    )
    (fp_line (start -0.8 0.4) (end -0.8 -0.4) (layer F.Fab) (width 0.1))
    (fp_line (start -0.8 -0.4) (end 0.8 -0.4) (layer F.Fab) (width 0.1))
    (fp_line (start 0.8 -0.4) (end 0.8 0.4) (layer F.Fab) (width 0.1))
    (fp_line (start 0.8 0.4) (end -0.8 0.4) (layer F.Fab) (width 0.1))
    (fp_line (start -0.162779 -0.51) (end 0.162779 -0.51) (layer F.SilkS) (width 0.12))
    (fp_line (start -0.162779 0.51) (end 0.162779 0.51) (layer F.SilkS) (width 0.12))
    (fp_line (start -1.48 0.73) (end -1.48 -0.73) (layer F.CrtYd) (width 0.05))
    (fp_line (start -1.48 -0.73) (end 1.48 -0.73) (layer F.CrtYd) (width 0.05))
    (fp_line (start 1.48 -0.73) (end 1.48 0.73) (layer F.CrtYd) (width 0.05))
    (fp_line (start 1.48 0.73) (end -1.48 0.73) (layer F.CrtYd) (width 0.05))
    (fp_text user %R (at 0 0 180) (layer F.Fab)
      (effects (font (size 0.4 0.4) (thickness 0.06)))
    )
    (pad 1 smd roundrect (at -0.7875 0 180) (size 0.875 0.95) (layers F.Cu F.Paste F.Mask) (roundrect_rratio 0.25)
      (net 43 "Net-(C12-Pad1)"))
    (pad 2 smd roundrect (at 0.7875 0 180) (size 0.875 0.95) (layers F.Cu F.Paste F.Mask) (roundrect_rratio 0.25)
      (net 2 GND))
    (model ${KISYS3DMOD}/Capacitor_SMD.3dshapes/C_0603_1608Metric.wrl
      (at (xyz 0 0 0))
      (scale (xyz 1 1 1))
      (rotate (xyz 0 0 0))
    )
  )

  (module Capacitor_SMD:C_0603_1608Metric (layer F.Cu) (tedit 5B301BBE) (tstamp 5DE06F00)
    (at 149.72538 96.26346 180)
    (descr "Capacitor SMD 0603 (1608 Metric), square (rectangular) end terminal, IPC_7351 nominal, (Body size source: http://www.tortai-tech.com/upload/download/2011102023233369053.pdf), generated with kicad-footprint-generator")
    (tags capacitor)
    (path /5DBE11BE/5D9D877D)
    (attr smd)
    (fp_text reference C11 (at 77.33538 -62.48654 180) (layer F.SilkS)
      (effects (font (size 1 1) (thickness 0.15)))
    )
    (fp_text value 0.1u (at 0 1.43 180) (layer F.Fab)
      (effects (font (size 1 1) (thickness 0.15)))
    )
    (fp_text user %R (at 0 0 180) (layer F.Fab)
      (effects (font (size 0.4 0.4) (thickness 0.06)))
    )
    (fp_line (start 1.48 0.73) (end -1.48 0.73) (layer F.CrtYd) (width 0.05))
    (fp_line (start 1.48 -0.73) (end 1.48 0.73) (layer F.CrtYd) (width 0.05))
    (fp_line (start -1.48 -0.73) (end 1.48 -0.73) (layer F.CrtYd) (width 0.05))
    (fp_line (start -1.48 0.73) (end -1.48 -0.73) (layer F.CrtYd) (width 0.05))
    (fp_line (start -0.162779 0.51) (end 0.162779 0.51) (layer F.SilkS) (width 0.12))
    (fp_line (start -0.162779 -0.51) (end 0.162779 -0.51) (layer F.SilkS) (width 0.12))
    (fp_line (start 0.8 0.4) (end -0.8 0.4) (layer F.Fab) (width 0.1))
    (fp_line (start 0.8 -0.4) (end 0.8 0.4) (layer F.Fab) (width 0.1))
    (fp_line (start -0.8 -0.4) (end 0.8 -0.4) (layer F.Fab) (width 0.1))
    (fp_line (start -0.8 0.4) (end -0.8 -0.4) (layer F.Fab) (width 0.1))
    (pad 2 smd roundrect (at 0.7875 0 180) (size 0.875 0.95) (layers F.Cu F.Paste F.Mask) (roundrect_rratio 0.25)
      (net 2 GND))
    (pad 1 smd roundrect (at -0.7875 0 180) (size 0.875 0.95) (layers F.Cu F.Paste F.Mask) (roundrect_rratio 0.25)
      (net 8 +3V3))
    (model ${KISYS3DMOD}/Capacitor_SMD.3dshapes/C_0603_1608Metric.wrl
      (at (xyz 0 0 0))
      (scale (xyz 1 1 1))
      (rotate (xyz 0 0 0))
    )
  )

  (module Capacitor_SMD:C_0603_1608Metric (layer F.Cu) (tedit 5B301BBE) (tstamp 5DE06EEF)
    (at 149.733 87.503)
    (descr "Capacitor SMD 0603 (1608 Metric), square (rectangular) end terminal, IPC_7351 nominal, (Body size source: http://www.tortai-tech.com/upload/download/2011102023233369053.pdf), generated with kicad-footprint-generator")
    (tags capacitor)
    (path /5DBE11BE/5DA4C877)
    (attr smd)
    (fp_text reference C9 (at -81.153 69.977) (layer F.SilkS)
      (effects (font (size 1 1) (thickness 0.15)))
    )
    (fp_text value 0.1u (at 0 1.43) (layer F.Fab)
      (effects (font (size 1 1) (thickness 0.15)))
    )
    (fp_line (start -0.8 0.4) (end -0.8 -0.4) (layer F.Fab) (width 0.1))
    (fp_line (start -0.8 -0.4) (end 0.8 -0.4) (layer F.Fab) (width 0.1))
    (fp_line (start 0.8 -0.4) (end 0.8 0.4) (layer F.Fab) (width 0.1))
    (fp_line (start 0.8 0.4) (end -0.8 0.4) (layer F.Fab) (width 0.1))
    (fp_line (start -0.162779 -0.51) (end 0.162779 -0.51) (layer F.SilkS) (width 0.12))
    (fp_line (start -0.162779 0.51) (end 0.162779 0.51) (layer F.SilkS) (width 0.12))
    (fp_line (start -1.48 0.73) (end -1.48 -0.73) (layer F.CrtYd) (width 0.05))
    (fp_line (start -1.48 -0.73) (end 1.48 -0.73) (layer F.CrtYd) (width 0.05))
    (fp_line (start 1.48 -0.73) (end 1.48 0.73) (layer F.CrtYd) (width 0.05))
    (fp_line (start 1.48 0.73) (end -1.48 0.73) (layer F.CrtYd) (width 0.05))
    (fp_text user %R (at 0 0) (layer F.Fab)
      (effects (font (size 0.4 0.4) (thickness 0.06)))
    )
    (pad 1 smd roundrect (at -0.7875 0) (size 0.875 0.95) (layers F.Cu F.Paste F.Mask) (roundrect_rratio 0.25)
      (net 12 "Net-(C9-Pad1)"))
    (pad 2 smd roundrect (at 0.7875 0) (size 0.875 0.95) (layers F.Cu F.Paste F.Mask) (roundrect_rratio 0.25)
      (net 2 GND))
    (model ${KISYS3DMOD}/Capacitor_SMD.3dshapes/C_0603_1608Metric.wrl
      (at (xyz 0 0 0))
      (scale (xyz 1 1 1))
      (rotate (xyz 0 0 0))
    )
  )

  (module Capacitor_SMD:C_0603_1608Metric (layer F.Cu) (tedit 5B301BBE) (tstamp 5DE06EDE)
    (at 136.906 118.64086 90)
    (descr "Capacitor SMD 0603 (1608 Metric), square (rectangular) end terminal, IPC_7351 nominal, (Body size source: http://www.tortai-tech.com/upload/download/2011102023233369053.pdf), generated with kicad-footprint-generator")
    (tags capacitor)
    (path /5DBE11BE/5DB19C58)
    (attr smd)
    (fp_text reference C7 (at -41.37914 -75.946 90) (layer F.SilkS)
      (effects (font (size 1 1) (thickness 0.15)))
    )
    (fp_text value 0.1u (at 0 1.43 90) (layer F.Fab)
      (effects (font (size 1 1) (thickness 0.15)))
    )
    (fp_text user %R (at 0 0 90) (layer F.Fab)
      (effects (font (size 0.4 0.4) (thickness 0.06)))
    )
    (fp_line (start 1.48 0.73) (end -1.48 0.73) (layer F.CrtYd) (width 0.05))
    (fp_line (start 1.48 -0.73) (end 1.48 0.73) (layer F.CrtYd) (width 0.05))
    (fp_line (start -1.48 -0.73) (end 1.48 -0.73) (layer F.CrtYd) (width 0.05))
    (fp_line (start -1.48 0.73) (end -1.48 -0.73) (layer F.CrtYd) (width 0.05))
    (fp_line (start -0.162779 0.51) (end 0.162779 0.51) (layer F.SilkS) (width 0.12))
    (fp_line (start -0.162779 -0.51) (end 0.162779 -0.51) (layer F.SilkS) (width 0.12))
    (fp_line (start 0.8 0.4) (end -0.8 0.4) (layer F.Fab) (width 0.1))
    (fp_line (start 0.8 -0.4) (end 0.8 0.4) (layer F.Fab) (width 0.1))
    (fp_line (start -0.8 -0.4) (end 0.8 -0.4) (layer F.Fab) (width 0.1))
    (fp_line (start -0.8 0.4) (end -0.8 -0.4) (layer F.Fab) (width 0.1))
    (pad 2 smd roundrect (at 0.7875 0 90) (size 0.875 0.95) (layers F.Cu F.Paste F.Mask) (roundrect_rratio 0.25)
      (net 2 GND))
    (pad 1 smd roundrect (at -0.7875 0 90) (size 0.875 0.95) (layers F.Cu F.Paste F.Mask) (roundrect_rratio 0.25)
      (net 4 "Net-(C7-Pad1)"))
    (model ${KISYS3DMOD}/Capacitor_SMD.3dshapes/C_0603_1608Metric.wrl
      (at (xyz 0 0 0))
      (scale (xyz 1 1 1))
      (rotate (xyz 0 0 0))
    )
  )

  (module Capacitor_SMD:C_0603_1608Metric (layer F.Cu) (tedit 5B301BBE) (tstamp 5DE06ECD)
    (at 133.32714 99.56292)
    (descr "Capacitor SMD 0603 (1608 Metric), square (rectangular) end terminal, IPC_7351 nominal, (Body size source: http://www.tortai-tech.com/upload/download/2011102023233369053.pdf), generated with kicad-footprint-generator")
    (tags capacitor)
    (path /5DBE11BE/5DAF32B1)
    (attr smd)
    (fp_text reference C6 (at -62.20714 55.37708) (layer F.SilkS)
      (effects (font (size 1 1) (thickness 0.15)))
    )
    (fp_text value "0.1u (NC)" (at 0 1.43) (layer F.Fab)
      (effects (font (size 1 1) (thickness 0.15)))
    )
    (fp_line (start -0.8 0.4) (end -0.8 -0.4) (layer F.Fab) (width 0.1))
    (fp_line (start -0.8 -0.4) (end 0.8 -0.4) (layer F.Fab) (width 0.1))
    (fp_line (start 0.8 -0.4) (end 0.8 0.4) (layer F.Fab) (width 0.1))
    (fp_line (start 0.8 0.4) (end -0.8 0.4) (layer F.Fab) (width 0.1))
    (fp_line (start -0.162779 -0.51) (end 0.162779 -0.51) (layer F.SilkS) (width 0.12))
    (fp_line (start -0.162779 0.51) (end 0.162779 0.51) (layer F.SilkS) (width 0.12))
    (fp_line (start -1.48 0.73) (end -1.48 -0.73) (layer F.CrtYd) (width 0.05))
    (fp_line (start -1.48 -0.73) (end 1.48 -0.73) (layer F.CrtYd) (width 0.05))
    (fp_line (start 1.48 -0.73) (end 1.48 0.73) (layer F.CrtYd) (width 0.05))
    (fp_line (start 1.48 0.73) (end -1.48 0.73) (layer F.CrtYd) (width 0.05))
    (fp_text user %R (at -0.195961 0.017339) (layer F.Fab)
      (effects (font (size 0.4 0.4) (thickness 0.06)))
    )
    (pad 1 smd roundrect (at -0.7875 0) (size 0.875 0.95) (layers F.Cu F.Paste F.Mask) (roundrect_rratio 0.25)
      (net 5 "Net-(C6-Pad1)"))
    (pad 2 smd roundrect (at 0.7875 0) (size 0.875 0.95) (layers F.Cu F.Paste F.Mask) (roundrect_rratio 0.25)
      (net 2 GND))
    (model ${KISYS3DMOD}/Capacitor_SMD.3dshapes/C_0603_1608Metric.wrl
      (at (xyz 0 0 0))
      (scale (xyz 1 1 1))
      (rotate (xyz 0 0 0))
    )
  )

  (module Capacitor_SMD:C_0603_1608Metric (layer F.Cu) (tedit 5B301BBE) (tstamp 5DE06EBC)
    (at 150.80742 106.43362)
    (descr "Capacitor SMD 0603 (1608 Metric), square (rectangular) end terminal, IPC_7351 nominal, (Body size source: http://www.tortai-tech.com/upload/download/2011102023233369053.pdf), generated with kicad-footprint-generator")
    (tags capacitor)
    (path /5DBE11BE/5DE23027)
    (attr smd)
    (fp_text reference C4 (at -77.14742 53.58638) (layer F.SilkS)
      (effects (font (size 1 1) (thickness 0.15)))
    )
    (fp_text value 10u (at 0 1.43) (layer F.Fab)
      (effects (font (size 1 1) (thickness 0.15)))
    )
    (fp_text user %R (at 0 0) (layer F.Fab)
      (effects (font (size 0.4 0.4) (thickness 0.06)))
    )
    (fp_line (start 1.48 0.73) (end -1.48 0.73) (layer F.CrtYd) (width 0.05))
    (fp_line (start 1.48 -0.73) (end 1.48 0.73) (layer F.CrtYd) (width 0.05))
    (fp_line (start -1.48 -0.73) (end 1.48 -0.73) (layer F.CrtYd) (width 0.05))
    (fp_line (start -1.48 0.73) (end -1.48 -0.73) (layer F.CrtYd) (width 0.05))
    (fp_line (start -0.162779 0.51) (end 0.162779 0.51) (layer F.SilkS) (width 0.12))
    (fp_line (start -0.162779 -0.51) (end 0.162779 -0.51) (layer F.SilkS) (width 0.12))
    (fp_line (start 0.8 0.4) (end -0.8 0.4) (layer F.Fab) (width 0.1))
    (fp_line (start 0.8 -0.4) (end 0.8 0.4) (layer F.Fab) (width 0.1))
    (fp_line (start -0.8 -0.4) (end 0.8 -0.4) (layer F.Fab) (width 0.1))
    (fp_line (start -0.8 0.4) (end -0.8 -0.4) (layer F.Fab) (width 0.1))
    (pad 2 smd roundrect (at 0.7875 0) (size 0.875 0.95) (layers F.Cu F.Paste F.Mask) (roundrect_rratio 0.25)
      (net 2 GND))
    (pad 1 smd roundrect (at -0.7875 0) (size 0.875 0.95) (layers F.Cu F.Paste F.Mask) (roundrect_rratio 0.25)
      (net 8 +3V3))
    (model ${KISYS3DMOD}/Capacitor_SMD.3dshapes/C_0603_1608Metric.wrl
      (at (xyz 0 0 0))
      (scale (xyz 1 1 1))
      (rotate (xyz 0 0 0))
    )
  )

  (module Capacitor_SMD:C_0603_1608Metric (layer F.Cu) (tedit 5B301BBE) (tstamp 5DE06EAB)
    (at 150.79462 104.97312)
    (descr "Capacitor SMD 0603 (1608 Metric), square (rectangular) end terminal, IPC_7351 nominal, (Body size source: http://www.tortai-tech.com/upload/download/2011102023233369053.pdf), generated with kicad-footprint-generator")
    (tags capacitor)
    (path /5DBF62AD)
    (attr smd)
    (fp_text reference C3 (at -78.40462 51.23688) (layer F.SilkS)
      (effects (font (size 1 1) (thickness 0.15)))
    )
    (fp_text value 10uF (at 0 1.43) (layer F.Fab)
      (effects (font (size 1 1) (thickness 0.15)))
    )
    (fp_line (start -0.8 0.4) (end -0.8 -0.4) (layer F.Fab) (width 0.1))
    (fp_line (start -0.8 -0.4) (end 0.8 -0.4) (layer F.Fab) (width 0.1))
    (fp_line (start 0.8 -0.4) (end 0.8 0.4) (layer F.Fab) (width 0.1))
    (fp_line (start 0.8 0.4) (end -0.8 0.4) (layer F.Fab) (width 0.1))
    (fp_line (start -0.162779 -0.51) (end 0.162779 -0.51) (layer F.SilkS) (width 0.12))
    (fp_line (start -0.162779 0.51) (end 0.162779 0.51) (layer F.SilkS) (width 0.12))
    (fp_line (start -1.48 0.73) (end -1.48 -0.73) (layer F.CrtYd) (width 0.05))
    (fp_line (start -1.48 -0.73) (end 1.48 -0.73) (layer F.CrtYd) (width 0.05))
    (fp_line (start 1.48 -0.73) (end 1.48 0.73) (layer F.CrtYd) (width 0.05))
    (fp_line (start 1.48 0.73) (end -1.48 0.73) (layer F.CrtYd) (width 0.05))
    (fp_text user %R (at 0 0) (layer F.Fab)
      (effects (font (size 0.4 0.4) (thickness 0.06)))
    )
    (pad 1 smd roundrect (at -0.7875 0) (size 0.875 0.95) (layers F.Cu F.Paste F.Mask) (roundrect_rratio 0.25)
      (net 8 +3V3))
    (pad 2 smd roundrect (at 0.7875 0) (size 0.875 0.95) (layers F.Cu F.Paste F.Mask) (roundrect_rratio 0.25)
      (net 2 GND))
    (model ${KISYS3DMOD}/Capacitor_SMD.3dshapes/C_0603_1608Metric.wrl
      (at (xyz 0 0 0))
      (scale (xyz 1 1 1))
      (rotate (xyz 0 0 0))
    )
  )

  (module Capacitor_SMD:C_0603_1608Metric (layer F.Cu) (tedit 5B301BBE) (tstamp 5DE06E9A)
    (at 150.80234 103.51516)
    (descr "Capacitor SMD 0603 (1608 Metric), square (rectangular) end terminal, IPC_7351 nominal, (Body size source: http://www.tortai-tech.com/upload/download/2011102023233369053.pdf), generated with kicad-footprint-generator")
    (tags capacitor)
    (path /5DBF6253)
